 0.00000000e+00 -1.20612105e-11 
 5.00000000e-02  3.38914685e-06 
 1.00000000e-01  6.06682010e-06 
 1.50000000e-01  7.99481057e-06 
 2.00000000e-01  9.15234885e-06 
 2.50000000e-01  9.65088997e-06 
 3.00000000e-01  9.82099210e-06 
 3.50000000e-01  9.89488204e-06 
 4.00000000e-01  9.93839310e-06 
 4.50000000e-01  9.96771312e-06 
 5.00000000e-01  9.98661552e-06 
 5.50000000e-01  9.99567635e-06 
 6.00000000e-01  9.99844387e-06 
 6.50000000e-01  9.99925172e-06 
 7.00000000e-01  9.99967351e-06 
 7.50000000e-01  9.99995264e-06 
 8.00000000e-01  1.00001745e-05 
 8.50000000e-01  1.00003658e-05 
 9.00000000e-01  1.00005343e-05 
 9.50000000e-01  1.00006910e-05 
 1.00000000e+00  1.00008357e-05 
 1.05000000e+00  1.00009737e-05 
 1.10000000e+00  1.00011043e-05 
 1.15000000e+00  1.00012316e-05 
 1.20000000e+00  1.00013539e-05 
 1.25000000e+00  1.00014729e-05 
 1.30000000e+00  1.00015864e-05 
 1.35000000e+00  1.00017015e-05 
 1.40000000e+00  1.00018129e-05 
 1.45000000e+00  1.00019185e-05 
 1.50000000e+00  1.00020243e-05 
 1.55000000e+00  1.00021323e-05 
 1.60000000e+00  1.00022336e-05 
 1.65000000e+00  1.00023367e-05 
 1.70000000e+00  1.00024381e-05 
 1.75000000e+00  1.00025365e-05 
 1.80000000e+00  1.00026354e-05 
 1.85000000e+00  1.00027369e-05 
 1.90000000e+00  1.00028401e-05 
 1.95000000e+00  1.00029406e-05 
 2.00000000e+00  1.00030496e-05 
 2.05000000e+00  1.00031604e-05 
 2.10000000e+00  1.00032870e-05 
 2.15000000e+00  1.00034254e-05 
 2.20000000e+00  1.00035787e-05 
 2.25000000e+00  1.00037682e-05 
 2.30000000e+00  1.00039892e-05 
 2.35000000e+00  1.00042591e-05 
 2.40000000e+00  1.00045955e-05 
 2.45000000e+00  1.00050185e-05 
 2.50000000e+00  1.00055370e-05 
 2.55000000e+00  1.00061881e-05 
 2.60000000e+00  1.00069870e-05 
 2.65000000e+00  1.00079702e-05 
 2.70000000e+00  1.00091842e-05 
 2.75000000e+00  1.00106492e-05 
 2.80000000e+00  1.00124227e-05 
 2.85000000e+00  1.00145559e-05 
 2.90000000e+00  1.00170899e-05 
 2.95000000e+00  1.00200953e-05 
 3.00000000e+00  1.00236223e-05 
 3.05000000e+00  1.00277388e-05 
 3.10000000e+00  1.00325307e-05 
 3.15000000e+00  1.00380572e-05 
 3.20000000e+00  1.00444008e-05 
 3.25000000e+00  1.00516502e-05 
 3.30000000e+00  1.00598825e-05 
