 0.00000000e+00 -1.19468780e-11 
 5.00000000e-02  3.73676380e-06 
 1.00000000e-01  6.56190344e-06 
 1.50000000e-01  8.41161964e-06 
 2.00000000e-01  9.30548503e-06 
 2.50000000e-01  9.59004677e-06 
 3.00000000e-01  9.69014273e-06 
 3.50000000e-01  9.74512095e-06 
 4.00000000e-01  9.78423907e-06 
 4.50000000e-01  9.81567562e-06 
 5.00000000e-01  9.84258909e-06 
 5.50000000e-01  9.86646809e-06 
 6.00000000e-01  9.88811634e-06 
 6.50000000e-01  9.90798302e-06 
 7.00000000e-01  9.92629712e-06 
 7.50000000e-01  9.94311480e-06 
 8.00000000e-01  9.95831816e-06 
 8.50000000e-01  9.97158706e-06 
 9.00000000e-01  9.98239027e-06 
 9.50000000e-01  9.99007236e-06 
 1.00000000e+00  9.99425242e-06 
 1.05000000e+00  9.99571722e-06 
 1.10000000e+00  9.99618597e-06 
 1.15000000e+00  9.99638822e-06 
 1.20000000e+00  9.99652047e-06 
 1.25000000e+00  9.99662790e-06 
 1.30000000e+00  9.99672183e-06 
 1.35000000e+00  9.99680889e-06 
 1.40000000e+00  9.99688728e-06 
 1.45000000e+00  9.99696475e-06 
 1.50000000e+00  9.99703867e-06 
 1.55000000e+00  9.99710536e-06 
 1.60000000e+00  9.99717631e-06 
 1.65000000e+00  9.99724566e-06 
 1.70000000e+00  9.99730766e-06 
 1.75000000e+00  9.99736676e-06 
 1.80000000e+00  9.99742877e-06 
 1.85000000e+00  9.99749487e-06 
 1.90000000e+00  9.99755642e-06 
 1.95000000e+00  9.99761828e-06 
 2.00000000e+00  9.99767469e-06 
 2.05000000e+00  9.99773622e-06 
 2.10000000e+00  9.99778834e-06 
 2.15000000e+00  9.99785208e-06 
 2.20000000e+00  9.99791276e-06 
 2.25000000e+00  9.99796443e-06 
 2.30000000e+00  9.99802735e-06 
 2.35000000e+00  9.99808828e-06 
 2.40000000e+00  9.99814361e-06 
 2.45000000e+00  9.99821843e-06 
 2.50000000e+00  9.99829255e-06 
 2.55000000e+00  9.99836912e-06 
 2.60000000e+00  9.99845944e-06 
 2.65000000e+00  9.99858007e-06 
 2.70000000e+00  9.99872902e-06 
 2.75000000e+00  9.99890145e-06 
 2.80000000e+00  9.99912960e-06 
 2.85000000e+00  9.99941228e-06 
 2.90000000e+00  9.99977268e-06 
 2.95000000e+00  1.00002406e-05 
 3.00000000e+00  1.00008295e-05 
 3.05000000e+00  1.00015581e-05 
 3.10000000e+00  1.00024797e-05 
 3.15000000e+00  1.00036078e-05 
 3.20000000e+00  1.00049823e-05 
 3.25000000e+00  1.00066705e-05 
 3.30000000e+00  1.00086950e-05 
