 0.00000000e+00 -0.00000000e+00 
 1.00000000e-02  2.24578285e-07 
 2.00000000e-02  4.13795108e-07 
 3.00000000e-02  5.68476694e-07 
 4.00000000e-02  6.89955665e-07 
 5.00000000e-02  7.80477851e-07 
 6.00000000e-02  8.43724816e-07 
 7.00000000e-02  8.85042188e-07 
 8.00000000e-02  9.10714581e-07 
 9.00000000e-02  9.26455097e-07 
 1.00000000e-01  9.36363142e-07 
 1.10000000e-01  9.42933525e-07 
 1.20000000e-01  9.47565823e-07 
 1.30000000e-01  9.51031131e-07 
 1.40000000e-01  9.53761914e-07 
 1.50000000e-01  9.56009317e-07 
 1.60000000e-01  9.57925283e-07 
 1.70000000e-01  9.59605236e-07 
 1.80000000e-01  9.61111659e-07 
 1.90000000e-01  9.62486711e-07 
 2.00000000e-01  9.63759777e-07 
 2.10000000e-01  9.64951838e-07 
 2.20000000e-01  9.66078481e-07 
 2.30000000e-01  9.67151208e-07 
 2.40000000e-01  9.68178923e-07 
 2.50000000e-01  9.69168582e-07 
 2.60000000e-01  9.70125652e-07 
 2.70000000e-01  9.71054518e-07 
 2.80000000e-01  9.71958776e-07 
 2.90000000e-01  9.72841346e-07 
 3.00000000e-01  9.73704736e-07 
 3.10000000e-01  9.74550976e-07 
 3.20000000e-01  9.75381777e-07 
 3.30000000e-01  9.76198683e-07 
 3.40000000e-01  9.77002946e-07 
 3.50000000e-01  9.77795683e-07 
 3.60000000e-01  9.78577889e-07 
 3.70000000e-01  9.79350428e-07 
 3.80000000e-01  9.80113979e-07 
 3.90000000e-01  9.80869286e-07 
 4.00000000e-01  9.81616933e-07 
 4.10000000e-01  9.82357379e-07 
 4.20000000e-01  9.83091188e-07 
 4.30000000e-01  9.83818753e-07 
 4.40000000e-01  9.84540485e-07 
 4.50000000e-01  9.85256723e-07 
 4.60000000e-01  9.85967782e-07 
 4.70000000e-01  9.86673947e-07 
 4.80000000e-01  9.87375523e-07 
 4.90000000e-01  9.88072711e-07 
 5.00000000e-01  9.88765731e-07 
 5.10000000e-01  9.89454913e-07 
 5.20000000e-01  9.90140307e-07 
 5.30000000e-01  9.90822186e-07 
 5.40000000e-01  9.91500637e-07 
 5.50000000e-01  9.92175920e-07 
 5.60000000e-01  9.92848093e-07 
 5.70000000e-01  9.93517337e-07 
 5.80000000e-01  9.94183722e-07 
 5.90000000e-01  9.94847452e-07 
 6.00000000e-01  9.95508556e-07 
 6.10000000e-01  9.96167222e-07 
 6.20000000e-01  9.96823431e-07 
 6.30000000e-01  9.97477398e-07 
 6.40000000e-01  9.98129129e-07 
 6.50000000e-01  9.98778735e-07 
 6.60000000e-01  9.99426293e-07 
 6.70000000e-01  1.00007187e-06 
 6.80000000e-01  1.00071558e-06 
 6.90000000e-01  1.00135740e-06 
 7.00000000e-01  1.00199747e-06 
 7.10000000e-01  1.00263583e-06 
 7.20000000e-01  1.00327254e-06 
 7.30000000e-01  1.00390759e-06 
 7.40000000e-01  1.00454109e-06 
 7.50000000e-01  1.00517311e-06 
 7.60000000e-01  1.00580366e-06 
 7.70000000e-01  1.00643279e-06 
 7.80000000e-01  1.00706056e-06 
 7.90000000e-01  1.00768697e-06 
 8.00000000e-01  1.00831211e-06 
 8.10000000e-01  1.00893599e-06 
 8.20000000e-01  1.00955864e-06 
 8.30000000e-01  1.01018010e-06 
 8.40000000e-01  1.01080037e-06 
 8.50000000e-01  1.01141953e-06 
 8.60000000e-01  1.01203762e-06 
 8.70000000e-01  1.01265465e-06 
 8.80000000e-01  1.01327065e-06 
 8.90000000e-01  1.01388564e-06 
 9.00000000e-01  1.01449960e-06 
 9.10000000e-01  1.01511260e-06 
 9.20000000e-01  1.01572471e-06 
 9.30000000e-01  1.01633586e-06 
 9.40000000e-01  1.01694613e-06 
 9.50000000e-01  1.01755550e-06 
 9.60000000e-01  1.01816406e-06 
 9.70000000e-01  1.01877177e-06 
 9.80000000e-01  1.01937868e-06 
 9.90000000e-01  1.01998481e-06 
 1.00000000e+00  1.02059013e-06 
 1.01000000e+00  1.02119474e-06 
 1.02000000e+00  1.02179858e-06 
 1.03000000e+00  1.02240168e-06 
 1.04000000e+00  1.02300409e-06 
 1.05000000e+00  1.02360583e-06 
 1.06000000e+00  1.02420685e-06 
 1.07000000e+00  1.02480724e-06 
 1.08000000e+00  1.02540693e-06 
 1.09000000e+00  1.02600601e-06 
 1.10000000e+00  1.02660447e-06 
 1.11000000e+00  1.02720233e-06 
 1.12000000e+00  1.02779957e-06 
 1.13000000e+00  1.02839623e-06 
 1.14000000e+00  1.02899232e-06 
 1.15000000e+00  1.02958779e-06 
 1.16000000e+00  1.03018279e-06 
 1.17000000e+00  1.03077717e-06 
 1.18000000e+00  1.03137106e-06 
 1.19000000e+00  1.03196446e-06 
 1.20000000e+00  1.03255730e-06 
 1.21000000e+00  1.03314965e-06 
 1.22000000e+00  1.03374150e-06 
 1.23000000e+00  1.03433285e-06 
 1.24000000e+00  1.03492373e-06 
 1.25000000e+00  1.03551419e-06 
 1.26000000e+00  1.03610412e-06 
 1.27000000e+00  1.03669363e-06 
 1.28000000e+00  1.03728272e-06 
 1.29000000e+00  1.03787134e-06 
 1.30000000e+00  1.03845954e-06 
 1.31000000e+00  1.03904735e-06 
 1.32000000e+00  1.03963471e-06 
 1.33000000e+00  1.04022169e-06 
 1.34000000e+00  1.04080825e-06 
 1.35000000e+00  1.04139446e-06 
 1.36000000e+00  1.04198027e-06 
 1.37000000e+00  1.04256568e-06 
 1.38000000e+00  1.04315078e-06 
 1.39000000e+00  1.04373546e-06 
 1.40000000e+00  1.04431983e-06 
 1.41000000e+00  1.04490382e-06 
 1.42000000e+00  1.04548747e-06 
 1.43000000e+00  1.04607080e-06 
 1.44000000e+00  1.04665380e-06 
 1.45000000e+00  1.04723646e-06 
 1.46000000e+00  1.04781886e-06 
 1.47000000e+00  1.04840092e-06 
 1.48000000e+00  1.04898264e-06 
 1.49000000e+00  1.04956410e-06 
 1.50000000e+00  1.05014527e-06 
 1.51000000e+00  1.05072618e-06 
 1.52000000e+00  1.05130681e-06 
 1.53000000e+00  1.05188711e-06 
 1.54000000e+00  1.05246722e-06 
 1.55000000e+00  1.05304708e-06 
 1.56000000e+00  1.05362665e-06 
 1.57000000e+00  1.05420601e-06 
 1.58000000e+00  1.05478510e-06 
 1.59000000e+00  1.05536403e-06 
 1.60000000e+00  1.05594274e-06 
 1.61000000e+00  1.05652118e-06 
 1.62000000e+00  1.05709947e-06 
 1.63000000e+00  1.05767757e-06 
 1.64000000e+00  1.05825547e-06 
 1.65000000e+00  1.05883320e-06 
 1.66000000e+00  1.05941077e-06 
 1.67000000e+00  1.05998815e-06 
 1.68000000e+00  1.06056542e-06 
 1.69000000e+00  1.06114255e-06 
 1.70000000e+00  1.06171958e-06 
 1.71000000e+00  1.06229642e-06 
 1.72000000e+00  1.06287320e-06 
 1.73000000e+00  1.06344991e-06 
 1.74000000e+00  1.06402652e-06 
 1.75000000e+00  1.06460302e-06 
 1.76000000e+00  1.06517948e-06 
 1.77000000e+00  1.06575591e-06 
 1.78000000e+00  1.06633224e-06 
 1.79000000e+00  1.06690860e-06 
 1.80000000e+00  1.06748492e-06 
 1.81000000e+00  1.06806129e-06 
 1.82000000e+00  1.06863762e-06 
 1.83000000e+00  1.06921402e-06 
 1.84000000e+00  1.06979042e-06 
 1.85000000e+00  1.07036700e-06 
 1.86000000e+00  1.07094354e-06 
 1.87000000e+00  1.07152019e-06 
 1.88000000e+00  1.07209696e-06 
 1.89000000e+00  1.07267389e-06 
 1.90000000e+00  1.07325096e-06 
 1.91000000e+00  1.07382821e-06 
 1.92000000e+00  1.07440561e-06 
 1.93000000e+00  1.07498320e-06 
 1.94000000e+00  1.07556105e-06 
 1.95000000e+00  1.07613916e-06 
 1.96000000e+00  1.07671751e-06 
 1.97000000e+00  1.07729614e-06 
 1.98000000e+00  1.07787511e-06 
 1.99000000e+00  1.07845436e-06 
 2.00000000e+00  1.07903397e-06 
 2.01000000e+00  1.07961407e-06 
 2.02000000e+00  1.08019449e-06 
 2.03000000e+00  1.08077537e-06 
 2.04000000e+00  1.08135669e-06 
 2.05000000e+00  1.08193853e-06 
 2.06000000e+00  1.08252090e-06 
 2.07000000e+00  1.08310383e-06 
 2.08000000e+00  1.08368727e-06 
 2.09000000e+00  1.08427139e-06 
 2.10000000e+00  1.08485607e-06 
 2.11000000e+00  1.08544150e-06 
 2.12000000e+00  1.08602760e-06 
 2.13000000e+00  1.08661448e-06 
 2.14000000e+00  1.08720207e-06 
 2.15000000e+00  1.08779050e-06 
 2.16000000e+00  1.08837978e-06 
 2.17000000e+00  1.08896995e-06 
 2.18000000e+00  1.08956102e-06 
 2.19000000e+00  1.09015311e-06 
 2.20000000e+00  1.09074615e-06 
 2.21000000e+00  1.09134026e-06 
 2.22000000e+00  1.09193544e-06 
 2.23000000e+00  1.09253174e-06 
 2.24000000e+00  1.09312925e-06 
 2.25000000e+00  1.09372789e-06 
 2.26000000e+00  1.09432788e-06 
 2.27000000e+00  1.09492911e-06 
 2.28000000e+00  1.09553172e-06 
 2.29000000e+00  1.09613577e-06 
 2.30000000e+00  1.09674122e-06 
 2.31000000e+00  1.09734825e-06 
 2.32000000e+00  1.09795677e-06 
 2.33000000e+00  1.09856693e-06 
 2.34000000e+00  1.09917876e-06 
 2.35000000e+00  1.09979232e-06 
 2.36000000e+00  1.10040762e-06 
 2.37000000e+00  1.10102477e-06 
 2.38000000e+00  1.10164382e-06 
 2.39000000e+00  1.10226480e-06 
 2.40000000e+00  1.10288783e-06 
 2.41000000e+00  1.10351288e-06 
 2.42000000e+00  1.10414010e-06 
 2.43000000e+00  1.10476952e-06 
 2.44000000e+00  1.10540117e-06 
 2.45000000e+00  1.10603517e-06 
 2.46000000e+00  1.10667159e-06 
 2.47000000e+00  1.10731044e-06 
 2.48000000e+00  1.10795184e-06 
 2.49000000e+00  1.10859586e-06 
 2.50000000e+00  1.10924253e-06 
 2.51000000e+00  1.10989196e-06 
 2.52000000e+00  1.11054424e-06 
 2.53000000e+00  1.11119945e-06 
 2.54000000e+00  1.11185756e-06 
 2.55000000e+00  1.11251879e-06 
 2.56000000e+00  1.11318309e-06 
 2.57000000e+00  1.11385063e-06 
 2.58000000e+00  1.11452150e-06 
 2.59000000e+00  1.11519570e-06 
 2.60000000e+00  1.11587342e-06 
 2.61000000e+00  1.11655469e-06 
 2.62000000e+00  1.11723954e-06 
 2.63000000e+00  1.11792813e-06 
 2.64000000e+00  1.11862054e-06 
 2.65000000e+00  1.11931689e-06 
 2.66000000e+00  1.12001720e-06 
 2.67000000e+00  1.12072156e-06 
 2.68000000e+00  1.12143016e-06 
 2.69000000e+00  1.12214298e-06 
 2.70000000e+00  1.12286024e-06 
 2.71000000e+00  1.12358195e-06 
 2.72000000e+00  1.12430821e-06 
 2.73000000e+00  1.12503918e-06 
 2.74000000e+00  1.12577492e-06 
 2.75000000e+00  1.12651551e-06 
 2.76000000e+00  1.12726110e-06 
 2.77000000e+00  1.12801174e-06 
 2.78000000e+00  1.12876762e-06 
 2.79000000e+00  1.12952882e-06 
 2.80000000e+00  1.13029540e-06 
 2.81000000e+00  1.13106750e-06 
 2.82000000e+00  1.13184522e-06 
 2.83000000e+00  1.13262875e-06 
 2.84000000e+00  1.13341817e-06 
 2.85000000e+00  1.13421350e-06 
 2.86000000e+00  1.13501493e-06 
 2.87000000e+00  1.13582263e-06 
 2.88000000e+00  1.13663665e-06 
 2.89000000e+00  1.13745712e-06 
 2.90000000e+00  1.13828418e-06 
 2.91000000e+00  1.13911798e-06 
 2.92000000e+00  1.13995859e-06 
 2.93000000e+00  1.14080617e-06 
 2.94000000e+00  1.14166085e-06 
 2.95000000e+00  1.14252276e-06 
 2.96000000e+00  1.14339199e-06 
 2.97000000e+00  1.14426874e-06 
 2.98000000e+00  1.14515310e-06 
 2.99000000e+00  1.14604525e-06 
 3.00000000e+00  1.14694521e-06 
 3.01000000e+00  1.14785329e-06 
 3.02000000e+00  1.14876949e-06 
 3.03000000e+00  1.14969403e-06 
 3.04000000e+00  1.15062701e-06 
 3.05000000e+00  1.15156862e-06 
 3.06000000e+00  1.15251889e-06 
 3.07000000e+00  1.15347816e-06 
 3.08000000e+00  1.15444636e-06 
 3.09000000e+00  1.15542378e-06 
 3.10000000e+00  1.15641059e-06 
 3.11000000e+00  1.15740682e-06 
 3.12000000e+00  1.15841270e-06 
 3.13000000e+00  1.15942840e-06 
 3.14000000e+00  1.16045405e-06 
 3.15000000e+00  1.16148985e-06 
 3.16000000e+00  1.16253585e-06 
 3.17000000e+00  1.16359227e-06 
 3.18000000e+00  1.16465931e-06 
 3.19000000e+00  1.16573707e-06 
 3.20000000e+00  1.16682575e-06 
 3.21000000e+00  1.16792553e-06 
 3.22000000e+00  1.16903655e-06 
 3.23000000e+00  1.17015901e-06 
 3.24000000e+00  1.17129304e-06 
 3.25000000e+00  1.17243877e-06 
 3.26000000e+00  1.17359646e-06 
 3.27000000e+00  1.17476625e-06 
 3.28000000e+00  1.17594835e-06 
 3.29000000e+00  1.17714283e-06 
 3.30000000e+00  1.17834997e-06 
